[?25l[0m[7m[38;2;253;253;253m [0m[38;2;0;0;0;48;2;253;253;253m                                                           [0m
[7m[38;2;253;253;253m [0m[38;2;0;0;0;48;2;253;253;253m                                                           [0m
[7m[38;2;253;253;253m [0m[38;2;0;0;0;48;2;253;253;253m                                                           [0m
[7m[38;2;253;253;253m [0m[38;2;0;0;0;48;2;253;253;253m                         [38;2;252;253;253m▄[38;2;205;230;239m▄[38;2;101;186;205m▄[38;2;32;161;177;48;2;232;242;244m▄[38;2;33;164;166;48;2;231;242;242m▄[38;2;102;193;183;48;2;253;253;253m▄[38;2;204;233;226m▄[38;2;252;252;252m▄                          [0m
[7m[38;2;253;253;253m [0m[38;2;0;0;0;48;2;253;253;253m                     [38;2;250;251;252m▄[38;2;176;212;241m▄[38;2;70;161;222;48;2;252;252;252m▄[38;2;26;145;209;48;2;190;220;239m▄[38;2;112;185;221;48;2;84;173;214m▄[38;2;217;235;243;48;2;28;153;195m▄[38;2;253;253;253;48;2;100;185;206m▄[38;2;130;201;206;48;2;94;179;190m▄[38;2;131;201;203;48;2;97;181;185m▄[38;2;253;253;253;48;2;108;196;184m▄[38;2;222;240;235;48;2;39;175;144m▄[38;2;125;208;178;48;2;89;193;158m▄[38;2;43;184;123;48;2;189;230;211m▄[38;2;75;194;135;48;2;251;252;251m▄[38;2;174;227;198;48;2;253;253;253m▄[38;2;249;251;249m▄                      [0m
[7m[38;2;253;253;253m [0m[38;2;0;0;0;48;2;253;253;253m                 [38;2;240;245;251m▄[38;2;147;194;243m▄[38;2;46;142;232;48;2;246;248;252m▄[38;2;43;143;230;48;2;162;203;242m▄[38;2;142;194;238;48;2;57;152;227m▄[38;2;237;243;250;48;2;35;143;220m▄[38;2;201;226;242;48;2;92;170;222m▄[38;2;44;154;209;48;2;43;144;200m▄[48;2;252;252;253m [48;2;253;253;253m  [48;2;131;202;206m [48;2;132;202;203m [48;2;253;253;253m   [38;2;79;197;136;48;2;76;184;134m▄[38;2;180;227;202;48;2;90;195;143m▄[38;2;241;248;243;48;2;51;188;116m▄[38;2;154;219;183;48;2;63;191;122m▄[38;2;59;190;119;48;2;161;222;187m▄[38;2;55;189;115;48;2;244;249;246m▄[38;2;148;218;178;48;2;253;253;253m▄[38;2;237;247;240m▄                  [0m
[7m[38;2;253;253;253m [0m[38;2;0;0;0;48;2;253;253;253m               [38;2;136;187;245;48;2;248;249;252m▄[38;2;47;139;238;48;2;137;187;244m▄[38;2;170;206;247;48;2;40;136;237m▄[38;2;248;250;252;48;2;53;143;236m▄[38;2;69;155;230;48;2;40;134;220m▄[38;2;183;215;244;48;2;181;212;240m▄[48;2;253;253;253m  [48;2;201;227;242m [48;2;45;155;209m [48;2;252;252;253m [48;2;253;253;253m  [48;2;131;202;206m [38;2;131;202;202;48;2;132;202;203m▄[48;2;253;253;253m   [48;2;79;197;135m [48;2;180;229;203m [48;2;253;253;253m  [38;2;181;229;202;48;2;180;223;200m▄[38;2;82;197;134;48;2;51;178;113m▄[38;2;250;251;250;48;2;67;193;124m▄[38;2;179;228;200;48;2;48;187;111m▄[38;2;58;191;118;48;2;137;215;170m▄[38;2;143;217;175;48;2;247;251;248m▄[48;2;253;253;253m                [0m
[7m[38;2;253;253;253m [0m[38;2;0;0;0;48;2;253;253;253m               [38;2;74;154;240;48;2;77;155;241m▄[38;2;155;198;246;48;2;147;194;245m▄[48;2;253;253;253m  [48;2;70;157;232m [38;2;184;215;244;48;2;183;215;244m▄[48;2;253;253;253m  [48;2;201;227;242m [48;2;45;156;208m [48;2;252;252;253m [48;2;253;253;253m  [48;2;131;202;206m [48;2;131;202;202m [48;2;253;253;253m   [48;2;80;198;135m [48;2;180;229;203m [48;2;253;253;253m  [48;2;182;230;202m [38;2;84;200;136;48;2;83;199;135m▄[48;2;253;253;253m  [38;2;154;221;183;48;2;147;219;178m▄[38;2;88;200;138;48;2;91;200;139m▄[48;2;253;253;253m                [0m
[7m[38;2;253;253;253m [0m[38;2;0;0;0;48;2;253;253;253m               [38;2;74;154;241;48;2;75;154;240m▄[48;2;155;198;246m [38;2;243;245;246;48;2;253;253;253m▄[38;2;107;131;152;48;2;231;234;237m▄[38;2;131;117;132;48;2;184;198;214m▄[38;2;103;125;145;48;2;195;206;216m▄[38;2;132;142;127;48;2;202;210;217m▄[38;2;98;133;142m▄[38;2;97;133;141;48;2;196;206;215m▄[38;2;98;123;145;48;2;182;197;210m▄[38;2;99;123;145;48;2;202;210;217m▄[38;2;100;124;146m▄▄[38;2;98;123;145;48;2;190;203;210m▄[38;2;98;122;144;48;2;189;203;210m▄[38;2;98;122;145;48;2;202;209;217m▄[48;2;208;214;221m▄[38;2;173;185;196;48;2;250;250;251m▄[48;2;79;197;134m [48;2;180;228;202m [48;2;253;253;253m  [48;2;182;230;202m [38;2;83;199;136;48;2;84;199;136m▄[48;2;253;253;253m  [48;2;153;221;183m [38;2;88;200;139;48;2;88;200;138m▄[48;2;253;253;253m                [0m
[7m[38;2;253;253;253m [0m[38;2;0;0;0;48;2;253;253;253m               [48;2;74;154;240m [48;2;155;198;245m [38;2;227;229;232;48;2;231;234;237m▄[38;2;65;85;104;48;2;99;124;146m▄[38;2;65;85;103;48;2;155;110;120m▄[38;2;65;85;104;48;2;108;126;142m▄[38;2;65;85;103;48;2;158;157;110m▄[38;2;64;84;102;48;2;96;141;138m▄[48;2;96;142;138m▄[48;2;98;122;144m▄[38;2;64;85;103;48;2;98;123;145m▄[38;2;65;85;103;48;2;100;123;145m▄[38;2;64;85;103;48;2;100;124;146m▄[48;2;99;123;145m▄[38;2;64;84;102;48;2;98;122;144m▄▄▄[38;2;128;141;152;48;2;149;165;179m▄[48;2;79;196;134m [48;2;180;228;203m [48;2;253;253;253m  [38;2;182;229;202;48;2;181;229;202m▄[48;2;82;199;136m [48;2;253;253;253m  [38;2;153;221;183;48;2;154;221;183m▄[38;2;88;200;140;48;2;88;201;140m▄[48;2;253;253;253m                [0m
[7m[38;2;253;253;253m [0m[38;2;0;0;0;48;2;253;253;253m               [48;2;75;154;240m [48;2;155;198;245m [48;2;222;224;226m [38;2;31;47;61;48;2;31;47;62m▄[38;2;32;65;65;48;2;31;47;61m▄[38;2;37;154;94;48;2;31;47;62m▄[38;2;31;55;63;48;2;31;47;61m▄ [38;2;31;47;61;48;2;31;48;62m▄[48;2;31;47;62m▄[48;2;31;48;62m [38;2;32;48;62m▄[48;2;31;48;61m [48;2;31;47;61m [48;2;31;47;62m  [48;2;31;47;61m [38;2;106;116;125;48;2;106;117;126m▄[48;2;79;196;135m [48;2;180;228;203m [48;2;253;253;253m  [38;2;181;229;203;48;2;181;229;202m▄[38;2;82;199;137;48;2;82;198;136m▄[48;2;253;253;253m  [38;2;152;220;183;48;2;153;221;184m▄[38;2;87;200;140;48;2;87;201;140m▄[48;2;253;253;253m                [0m
[7m[38;2;253;253;253m [0m[38;2;0;0;0;48;2;253;253;253m               [48;2;75;154;241m [48;2;156;199;246m [48;2;222;224;226m [48;2;31;47;61m [48;2;30;46;60m [38;2;34;116;82;48;2;32;83;71m▄[38;2;35;133;87;48;2;36;157;93m▄[38;2;30;47;60;48;2;31;51;61m▄[48;2;30;46;60m [38;2;30;46;60;48;2;30;47;60m▄[48;2;30;47;61m [48;2;31;47;61m [38;2;31;48;62m▄[48;2;31;48;61m▄[38;2;31;47;61;48;2;31;47;62m▄[48;2;31;47;61m [38;2;51;65;77;48;2;30;47;61m▄[38;2;160;166;171;48;2;106;116;125m▄[38;2;221;241;231;48;2;84;197;139m▄[38;2;135;215;180;48;2;196;233;214m▄[38;2;36;185;118;48;2;223;243;232m▄[38;2;27;182;111;48;2;181;229;204m▄[38;2;82;197;141;48;2;213;239;224m▄[38;2;200;234;216;48;2;108;206;153m▄[38;2;252;252;252;48;2;253;253;253m▄ [38;2;153;220;184;48;2;152;220;183m▄[38;2;86;199;139;48;2;87;199;140m▄[48;2;253;253;253m                [0m
[7m[38;2;253;253;253m [0m[38;2;0;0;0;48;2;253;253;253m               [38;2;75;154;241;48;2;74;153;241m▄[48;2;155;198;246m [48;2;222;224;226m [38;2;31;46;61;48;2;30;46;60m▄[38;2;31;47;61;48;2;31;64;65m▄[48;2;35;122;84m▄[38;2;32;48;62;48;2;31;47;61m▄[38;2;31;47;61;48;2;32;71;67m▄[38;2;31;46;60;48;2;35;148;91m▄[38;2;30;47;60;48;2;34;148;91m▄[38;2;31;47;61;48;2;32;118;81m▄[48;2;31;47;61m [48;2;31;48;62m [38;2;32;48;62m▄[48;2;31;47;61m [38;2;200;212;209;48;2;158;164;169m▄[38;2;31;187;134;48;2;188;230;215m▄[38;2;29;184;130;48;2;113;210;174m▄[38;2;27;181;125;48;2;39;186;129m▄[38;2;47;186;131;48;2;26;182;120m▄[38;2;180;228;206;48;2;26;181;114m▄[38;2;198;232;215;48;2;26;180;111m▄[38;2;79;195;141;48;2;26;179;110m▄[38;2;26;178;110;48;2;27;180;110m▄[38;2;24;177;109;48;2;75;194;137m▄[38;2;24;177;108;48;2;158;220;189m▄[38;2;134;214;176;48;2;213;238;224m▄[38;2;135;215;173;48;2;110;206;155m▄[48;2;253;253;253m                [0m
[7m[38;2;253;253;253m [0m[38;2;0;0;0;48;2;253;253;253m               [38;2;75;154;241;48;2;75;153;241m▄[48;2;156;198;246m [48;2;222;224;226m [48;2;31;47;62m [38;2;31;48;62m▄[48;2;32;48;62m  [38;2;32;49;62m▄[38;2;32;48;62;48;2;31;48;62m▄ [38;2;31;48;62;48;2;32;48;62m▄[48;2;32;48;61m▄[38;2;32;48;62;48;2;31;48;62m▄[38;2;31;48;62;48;2;32;48;61m▄[38;2;31;47;61;48;2;31;48;61m▄[48;2;200;212;209m [38;2;31;184;135;48;2;31;186;135m▄[38;2;28;181;130;48;2;29;183;130m▄[38;2;25;179;125;48;2;27;181;125m▄[38;2;177;227;208;48;2;157;221;196m▄[38;2;47;186;131;48;2;92;199;154m▄[38;2;24;178;115;48;2;48;186;127m▄[38;2;200;233;217;48;2;203;235;219m▄[38;2;25;175;112;48;2;26;177;111m▄[38;2;23;173;110;48;2;24;176;110m▄[38;2;23;173;109;48;2;24;176;109m▄[38;2;134;211;177;48;2;134;213;177m▄[48;2;136;215;173m [48;2;253;253;253m                [0m
[7m[38;2;253;253;253m [0m[38;2;0;0;0;48;2;253;253;253m               [38;2;75;153;241;48;2;74;153;241m▄[48;2;155;198;246m [38;2;252;252;252;48;2;225;226;228m▄[38;2;116;124;132;48;2;31;46;60m▄[38;2;63;76;87;48;2;31;47;61m▄▄▄[48;2;31;48;61m▄▄[48;2;32;47;61m▄[38;2;63;75;86;48;2;31;47;61m▄[38;2;63;76;87m▄[48;2;32;48;62m▄[48;2;31;48;62m▄[38;2;64;76;87m▄[38;2;202;208;209;48;2;201;212;210m▄[38;2;31;179;134;48;2;29;182;134m▄[38;2;26;176;130;48;2;27;179;130m▄[38;2;125;209;182;48;2;103;202;168m▄[38;2;253;253;253;48;2;250;251;250m▄[38;2;184;227;210;48;2;247;250;248m▄[38;2;130;206;176;48;2;246;250;248m▄[38;2;253;253;253;48;2;251;252;251m▄[38;2;186;228;211;48;2;161;219;194m▄[38;2;22;169;111;48;2;23;171;110m▄[38;2;21;168;109;48;2;22;170;109m▄[38;2;152;215;188;48;2;134;210;177m▄[38;2;124;210;164;48;2;136;215;173m▄[48;2;253;253;253m                [0m
[7m[38;2;253;253;253m [0m[38;2;0;0;0;48;2;253;253;253m               [38;2;189;216;248;48;2;88;160;242m▄[38;2;32;130;237;48;2;118;177;243m▄[38;2;72;151;239;48;2;252;252;253m▄[38;2;159;200;245;48;2;253;253;253m▄[38;2;63;151;235;48;2;150;195;239m▄[38;2;183;215;245;48;2;214;230;247m▄[48;2;253;253;253m  [38;2;201;227;244;48;2;224;237;247m▄[38;2;44;155;215;48;2;137;193;227m▄[48;2;252;252;253m [48;2;253;253;253m  [38;2;130;201;206;48;2;183;220;224m▄[38;2;131;201;203;48;2;184;221;223m▄[38;2;253;253;253;48;2;252;253;253m▄[38;2;166;222;204;48;2;76;192;157m▄[38;2;25;174;130;48;2;24;174;129m▄[38;2;120;205;178;48;2;125;208;181m▄[48;2;253;253;253m [38;2;250;251;251;48;2;213;237;227m▄[38;2;242;247;245;48;2;145;212;186m▄[48;2;253;253;253m [38;2;179;224;207;48;2;186;227;211m▄[38;2;19;165;109;48;2;21;167;110m▄[38;2;61;180;132;48;2;20;168;109m▄[38;2;178;228;201;48;2;193;230;213m▄[38;2;192;233;211;48;2;103;204;150m▄[48;2;253;253;253m                [0m
[7m[38;2;253;253;253m [0m[38;2;0;0;0;48;2;253;253;253m                [38;2;253;253;253;48;2;224;235;250m▄[48;2;135;186;244m▄[38;2;248;250;252;48;2;48;140;236m▄[38;2;181;212;246;48;2;24;131;232m▄[38;2;91;166;236;48;2;95;168;236m▄[38;2;27;136;226;48;2;202;224;246m▄[38;2;64;155;227;48;2;252;252;252m▄[38;2;117;183;230;48;2;202;227;244m▄[38;2;46;155;216;48;2;45;154;215m▄[48;2;252;252;253m [48;2;253;253;253m  [48;2;130;201;207m [48;2;131;201;203m [48;2;253;253;253m [38;2;253;253;253;48;2;249;251;250m▄[38;2;223;241;235;48;2;71;189;153m▄[38;2;44;175;135;48;2;30;173;129m▄[38;2;21;167;121;48;2;70;186;148m▄[38;2;20;165;118;48;2;68;185;146m▄[38;2;19;162;113;48;2;67;183;142m▄[38;2;18;160;110;48;2;66;181;140m▄[38;2;18;160;109;48;2;39;169;121m▄[38;2;140;207;180;48;2;20;163;109m▄[38;2;253;253;253;48;2;191;228;212m▄[48;2;242;248;245m▄[48;2;253;253;253m                 [0m
[7m[38;2;253;253;253m [0m[38;2;0;0;0;48;2;253;253;253m                     [38;2;253;253;253;48;2;225;237;249m▄[48;2;138;192;236m▄[38;2;249;250;252;48;2;49;150;219m▄[38;2;183;217;238;48;2;29;146;212m▄[38;2;91;176;216;48;2;113;186;222m▄[38;2;28;152;194;48;2;206;229;239m▄[38;2;74;173;197;48;2;252;252;252m▄[38;2;80;179;190;48;2;130;201;206m▄[38;2;81;181;181;48;2;131;201;203m▄[38;2;73;183;170;48;2;252;252;252m▄[38;2;35;173;145;48;2;198;231;223m▄[38;2;108;200;172;48;2;127;208;182m▄[38;2;217;239;230;48;2;204;233;222m▄[38;2;239;246;243;48;2;53;175;136m▄[38;2;114;197;167;48;2;19;163;115m▄[38;2;64;177;135;48;2;18;161;111m▄[38;2;194;228;214;48;2;18;161;109m▄[38;2;253;253;253;48;2;142;207;181m▄[48;2;252;252;252m▄[48;2;253;253;253m                   [0m
[7m[38;2;253;253;253m [0m[38;2;0;0;0;48;2;253;253;253m           [38;2;245;245;245m▄[38;2;236;236;236m▄[38;2;238;238;239m▄            [38;2;253;253;253;48;2;223;237;243m▄[48;2;133;199;214m▄[38;2;250;251;251;48;2;48;166;179m▄[48;2;45;168;169m▄[38;2;253;253;253;48;2;131;204;197m▄[48;2;225;241;238m▄[48;2;253;253;253m    [48;2;252;253;253m▄[48;2;253;253;253m                      [0m
[7m[38;2;253;253;253m [0m[38;2;0;0;0;48;2;253;253;253m          [38;2;163;169;175;48;2;214;216;218m▄[38;2;161;167;172;48;2;76;87;97m▄[38;2;253;253;253;48;2;119;127;135m▄[48;2;130;137;144m▄[48;2;252;252;253m▄[38;2;249;249;249;48;2;252;252;252m▄[38;2;77;89;99;48;2;221;223;224m▄[48;2;253;253;253m              [38;2;209;238;222;48;2;205;237;220m▄[38;2;213;240;225;48;2;210;239;224m▄[48;2;253;253;253m      [38;2;211;238;223;48;2;208;238;221m▄[38;2;210;238;222;48;2;207;238;221m▄[38;2;240;247;243;48;2;186;232;207m▄[38;2;100;204;149;48;2;128;212;167m▄[38;2;216;241;228;48;2;234;247;240m▄[48;2;253;253;253m               [0m
[7m[38;2;253;253;253m [0m[38;2;0;0;0;48;2;253;253;253m    [38;2;141;148;155;48;2;211;213;216m▄[38;2;178;182;186;48;2;92;102;110m▄[38;2;253;253;253;48;2;103;111;119m▄[38;2;252;252;253;48;2;102;111;118m▄[38;2;253;253;253;48;2;199;202;205m▄[48;2;175;180;184m▄[38;2;163;169;175;48;2;72;84;93m▄[38;2;162;168;173;48;2;72;83;93m▄[38;2;253;253;253;48;2;102;111;118m▄[48;2;139;145;151m▄[48;2;226;227;228m▄[38;2;249;249;249;48;2;100;108;116m▄[38;2;78;89;100;48;2;45;59;71m▄[38;2;253;253;253;48;2;102;111;119m▄[48;2;134;140;146m▄[48;2;253;253;253m [38;2;80;91;100;48;2;95;105;113m▄[38;2;252;252;252;48;2;95;104;112m▄[38;2;253;253;253;48;2;100;108;116m▄[38;2;107;117;125;48;2;104;112;121m▄[38;2;215;218;220;48;2;248;248;248m▄[38;2;234;235;236;48;2;253;253;253m▄[38;2;197;200;203m▄▄[38;2;218;220;222m▄ [38;2;253;253;253;48;2;128;212;166m▄[38;2;161;224;191;48;2;90;200;142m▄[38;2;164;225;194;48;2;185;231;207m▄[38;2;253;253;253;48;2;232;245;237m▄[38;2;252;253;253;48;2;99;201;146m▄[48;2;100;201;146m▄[38;2;174;226;198;48;2;96;202;145m▄[38;2;152;219;183;48;2;222;242;230m▄[38;2;253;253;253;48;2;191;232;209m▄[38;2;167;227;196;48;2;91;200;141m▄[38;2;158;223;189;48;2;180;230;204m▄[48;2;253;253;253m [38;2;112;209;158;48;2;111;209;157m▄[38;2;216;241;228;48;2;217;241;228m▄[48;2;253;253;253m [38;2;130;215;169;48;2;211;239;223m▄[38;2;197;234;213;48;2;96;202;144m▄[38;2;252;253;253;48;2;101;202;146m▄[38;2;162;224;191;48;2;102;205;148m▄[38;2;163;224;191;48;2;230;245;236m▄[38;2;189;232;209;48;2;205;237;219m▄[38;2;132;214;170;48;2;94;202;144m▄[38;2;253;253;253;48;2;100;201;145m▄[38;2;133;215;170;48;2;112;208;156m▄[38;2;249;251;250;48;2;252;252;252m▄[48;2;253;253;253m    [0m
[7m[38;2;253;253;253m [0m[38;2;0;0;0;48;2;253;253;253m    [38;2;251;251;251;48;2;217;219;221m▄[38;2;249;249;249;48;2;96;105;114m▄[38;2;248;249;249;48;2;89;99;108m▄[38;2;202;206;208;48;2;81;91;101m▄[38;2;115;124;133;48;2;179;183;187m▄[48;2;253;253;253m [48;2;163;169;175m [48;2;162;168;173m [48;2;253;253;253m   [38;2;250;250;250;48;2;249;249;249m▄[38;2;71;83;94;48;2;78;90;100m▄[38;2;247;247;248;48;2;253;253;253m▄[38;2;250;250;250m▄ [38;2;78;89;99;48;2;82;93;103m▄[38;2;220;221;222;48;2;253;253;253m▄[38;2;221;221;223m▄[38;2;84;96;106;48;2;111;120;129m▄[38;2;223;224;226;48;2;215;217;219m▄[38;2;253;253;253;48;2;214;216;218m▄[48;2;142;149;155m▄[48;2;142;149;156m▄[48;2;182;186;190m▄[48;2;253;253;253m  [48;2;161;224;191m [48;2;164;225;194m [38;2;148;219;183;48;2;205;237;220m▄[38;2;170;225;196;48;2;87;197;139m▄[38;2;250;251;250;48;2;105;203;150m▄[38;2;174;226;198;48;2;80;195;133m▄[48;2;150;218;182m [38;2;251;252;252;48;2;253;253;253m▄[38;2;165;226;195;48;2;168;227;197m▄[38;2;156;222;188;48;2;159;222;190m▄[38;2;251;252;252;48;2;253;253;253m▄[38;2;112;209;158;48;2;111;208;158m▄[38;2;206;237;220;48;2;217;241;228m▄[38;2;251;252;251;48;2;253;253;253m▄[38;2;130;213;169;48;2;128;213;168m▄[38;2;190;231;209;48;2;90;198;139m▄[38;2;250;251;250;48;2;107;204;150m▄[48;2;95;201;143m▄[38;2;252;252;252;48;2;185;231;206m▄[38;2;189;232;209;48;2;190;232;209m▄[48;2;139;216;175m [48;2;253;253;253m       [0m
[7m[38;2;253;253;253m [0m[38;2;0;0;0;48;2;253;253;253m    [38;2;253;253;253;48;2;177;182;186m▄[48;2;89;100;110m▄[48;2;89;99;109m▄[48;2;97;107;116m▄[48;2;209;212;214m▄[48;2;253;253;253m [48;2;190;194;197m▄[48;2;188;192;196m▄[48;2;253;253;253m    [48;2;156;162;167m▄[48;2;90;99;109m▄[48;2;120;128;136m▄[48;2;253;253;253m [38;2;82;93;102;48;2;74;85;95m▄[38;2;253;253;253;48;2;130;138;145m▄▄[48;2;167;172;177m▄[48;2;252;252;252m▄[48;2;253;253;253m    [38;2;221;242;231m▄[38;2;126;211;167m▄[38;2;77;196;135;48;2;161;223;191m▄[38;2;199;235;216;48;2;163;225;194m▄[38;2;253;253;253;48;2;219;241;229m▄[48;2;97;203;148m▄[48;2;87;201;142m▄[48;2;95;202;146m▄[48;2;182;229;203m▄[48;2;184;230;204m▄[48;2;88;201;142m▄[48;2;88;200;141m▄[48;2;171;226;196m▄[48;2;202;236;217m▄[48;2;93;203;144m▄[48;2;164;224;191m▄[48;2;217;241;228m▄[48;2;98;203;147m▄[48;2;89;201;141m▄▄[48;2;200;236;216m▄[48;2;207;237;221m▄[48;2;170;226;195m▄[48;2;253;253;253m       [0m
[7m[38;2;253;253;253m [0m[38;2;0;0;0;48;2;253;253;253m                    [38;2;253;253;253;48;2;237;237;238m▄[48;2;253;253;253m        [48;2;247;250;248m▄[48;2;228;242;233m▄[48;2;237;246;240m▄[48;2;253;253;253m                           [0m
[7m[38;2;253;253;253m [0m[38;2;0;0;0;48;2;253;253;253m     [38;2;200;220;250;48;2;224;234;251m▄[38;2;194;215;249;48;2;207;221;249m▄[38;2;229;239;252;48;2;246;248;252m▄[48;2;253;253;253m [38;2;238;238;239m▄[38;2;235;236;237m▄[38;2;225;226;227m▄[38;2;220;221;222m▄[38;2;214;215;217m▄[38;2;224;225;226m▄[38;2;248;248;249m▄ [38;2;240;241;241;48;2;245;245;246m▄[48;2;253;253;253m [38;2;247;249;251m▄[38;2;143;202;224;48;2;245;249;250m▄[38;2;155;207;224;48;2;130;197;219m▄[38;2;102;185;210;48;2;234;243;247m▄[38;2;235;244;247;48;2;253;253;253m▄[38;2;252;252;252m▄[38;2;222;223;225m▄[38;2;217;218;220m▄[38;2;219;221;222m▄[38;2;222;223;224m▄[38;2;228;229;231m▄[38;2;219;220;222m▄[38;2;231;232;233m▄[38;2;237;238;239m▄  [38;2;239;240;240;48;2;245;245;245m▄[48;2;253;253;253m [38;2;196;236;216;48;2;248;251;249m▄[38;2;249;251;250;48;2;209;236;221m▄[38;2;230;244;235;48;2;210;234;219m▄[38;2;198;234;215;48;2;232;245;237m▄[48;2;253;253;253m [38;2;225;226;227m▄[38;2;225;225;227m▄[38;2;215;217;219m▄[38;2;228;229;230m▄[38;2;214;215;217m▄[38;2;236;237;237m▄[38;2;237;238;239m▄[38;2;229;229;231m▄[38;2;216;217;220m▄[38;2;227;227;228m▄[38;2;220;221;222m▄[38;2;243;243;243m▄     [0m
[7m[38;2;253;253;253m [0m[38;2;0;0;0;48;2;253;253;253m    [38;2;225;236;251;48;2;246;248;252m▄[38;2;209;222;248;48;2;199;217;249m▄[38;2;212;224;248;48;2;204;220;249m▄[38;2;196;215;248;48;2;208;223;250m▄[48;2;253;253;253m [38;2;253;253;253;48;2;222;223;225m▄[48;2;212;213;215m▄[48;2;197;198;201m▄[48;2;189;192;195m▄[48;2;180;183;186m▄[48;2;207;208;210m▄[48;2;236;237;238m▄[48;2;253;253;253m [38;2;244;245;245;48;2;240;241;241m▄[48;2;253;253;253m [38;2;229;241;247;48;2;217;237;245m▄[38;2;190;218;234;48;2;183;213;231m▄[38;2;175;214;232;48;2;228;241;246m▄[38;2;171;213;229;48;2;187;216;229m▄[38;2;206;231;238;48;2;192;225;234m▄[38;2;253;253;253;48;2;251;251;251m▄[48;2;209;211;213m▄[48;2;183;186;189m▄[48;2;183;186;190m▄[48;2;218;219;220m▄[48;2;164;168;172m▄[48;2;201;203;206m▄[48;2;181;185;188m▄[48;2;207;209;211m▄[48;2;242;242;243m▄[48;2;253;253;253m [38;2;244;244;244;48;2;239;240;241m▄[48;2;253;253;253m [38;2;253;253;253;48;2;222;243;232m▄[38;2;214;237;223;48;2;209;236;220m▄[38;2;203;233;216;48;2;223;242;232m▄[38;2;242;249;245;48;2;201;234;217m▄[48;2;253;253;253m [38;2;253;253;253;48;2;205;207;209m▄[48;2;208;210;212m▄[48;2;183;186;190m▄[48;2;184;187;190m▄[48;2;198;200;203m▄[48;2;207;209;211m▄[48;2;207;210;213m▄[48;2;187;190;193m▄[48;2;169;173;177m▄[48;2;207;208;210m▄[48;2;196;199;201m▄[48;2;238;238;238m▄[48;2;253;253;253m     [0m
[7m[38;2;253;253;253m [0m[38;2;0;0;0;48;2;253;253;253m                                                           [0m
[7m[38;2;253;253;253m [0m[38;2;0;0;0;48;2;253;253;253m                                                           [0m
[7m[38;2;253;253;253m [0m[38;2;0;0;0;48;2;253;253;253m                                                           [0m
[7m[38;2;253;253;253m [0m[38;2;0;0;0;48;2;253;253;253m                                                           [0m
[?25h